25
1 2 3 4 5 6 7 8 9 10 11 12 13 14 15 16 17 18 19 20 21 22 23 24 25
0,7 19
0,8 4
0,9 10
0,10 12
0,11 20
0,12 17
0,13 1
0,14 16
0,15 7
0,16 14
0,17 18
0,21 15
0,22 11
0,23 8
1,1 3
1,4 12
1,5 17
1,6 24
1,8 11
1,9 2
1,13 13
1,15 5
1,16 20
1,17 22
1,18 1
1,22 23
2,1 7
2,2 20
2,4 4
2,5 13
2,6 25
2,7 1
2,10 3
2,12 15
2,14 5
2,15 9
2,16 2
2,19 23
2,22 19
2,24 24
3,0 22
3,1 5
3,2 1
3,3 13
3,4 19
3,7 9
3,8 23
3,10 4
3,12 14
3,13 10
3,14 25
3,15 15
3,19 11
3,22 20
3,23 18
4,0 15
4,2 21
4,3 10
4,4 17
4,7 3
4,8 12
4,9 5
4,11 18
4,17 4
4,18 19
4,19 25
4,21 13
4,22 22
4,23 7
5,0 20
5,7 23
5,8 21
5,10 1
5,12 22
5,14 7
5,15 18
5,16 6
5,17 19
5,18 14
5,20 24
5,21 11
5,22 4
5,23 12
5,24 17
6,3 21
6,5 10
6,6 20
6,7 14
6,8 1
6,9 3
6,11 13
6,12 6
6,13 11
6,14 18
6,15 2
6,16 16
6,17 23
6,18 22
6,23 15
6,24 5
7,0 13
7,1 14
7,2 25
7,3 6
7,6 18
7,8 7
7,9 19
7,11 12
7,13 4
7,14 21
7,15 1
7,16 3
7,17 5
7,19 8
7,22 2
7,23 20
7,24 16
8,0 12
8,1 16
8,3 8
8,6 5
8,8 15
8,9 11
8,13 24
8,15 13
8,16 4
8,17 9
8,18 21
8,22 18
8,23 19
8,24 14
9,0 7
9,5 2
9,6 8
9,7 4
9,8 6
9,9 12
9,10 23
9,23 9
9,24 1
10,2 5
10,8 13
10,11 6
10,12 1
10,13 19
10,15 3
10,16 8
10,17 7
10,18 12
10,19 15
10,20 11
10,21 24
10,23 22
10,24 18
11,0 3
11,2 6
11,3 1
11,4 8
11,8 20
11,11 2
11,12 10
11,14 13
11,15 14
11,16 9
11,17 21
11,18 11
11,19 22
11,21 17
11,22 16
12,0 10
12,2 17
12,3 16
12,5 7
12,6 9
12,7 25
12,10 22
12,11 3
12,14 11
12,16 5
12,21 14
12,22 13
13,0 21
13,1 19
13,2 4
13,3 22
13,4 15
13,5 18
13,6 11
13,7 16
13,8 2
13,11 25
13,12 7
13,13 14
13,16 10
13,18 17
13,19 1
13,23 3
14,2 12
14,3 14
14,4 7
14,7 6
14,8 17
14,9 1
14,12 20
14,13 5
14,15 19
14,18 16
14,19 24
14,20 9
14,21 8
14,24 21
15,0 5
15,1 11
15,2 10
15,6 19
15,7 18
15,10 13
15,11 4
15,14 2
15,15 8
15,16 15
15,17 14
15,19 16
15,20 7
15,23 25
15,24 20
16,0 2
16,1 9
16,3 20
16,5 1
16,6 10
16,7 8
16,9 21
16,10 17
16,13 7
16,15 4
16,16 22
16,17 3
16,19 5
16,20 12
16,22 15
16,23 23
17,1 15
17,3 12
17,5 4
17,6 23
17,9 20
17,10 5
17,11 16
17,16 11
17,17 1
17,19 18
17,20 21
17,22 24
17,23 14
18,0 19
18,1 1
18,2 13
18,4 23
18,5 3
18,6 12
18,7 24
18,10 8
18,11 10
18,13 9
18,15 20
18,16 17
18,17 6
18,23 11
19,1 8
19,2 16
19,3 25
19,6 13
19,10 14
19,11 21
19,17 2
19,20 3
19,22 17
19,23 10
20,4 16 
20,5 5
20,7 12
20,8 10
20,10 25
20,11 14
20,12 8
20,14 19
20,15 17
20,17 15
20,19 20
20,21 1
20,24 23
21,0 23
21,1 12
21,3 7
21,4 13
21,5 8
21,9 6
21,13 2
21,14 22
21,15 21
21,16 1
21,17 10
21,18 24
21,19 9
21,20 16
21,21 3
21,22 14
21,24 19
22,0 1
22,2 24
22,3 5
22,4 20
22,5 15
22,14 12
22,15 25
22,18 2
22,20 18
22,21 22
22,22 21
22,23 17
22,24 10
23,1 10
23,4 6
23,5 19
23,10 7
23,11 15
23,12 5
23,13 16
23,14 3
23,15 12
23,16 23
23,17 11
23,22 9
23,24 2
24,2 19
24,4 9
24,6 4
24,7 13
24,8 18
24,9 14
24,10 20
24,11 1
24,12 24
24,14 10
24,22 12
